Reading graphs
n = 1
34
Reading successful
Reading configuration
6
Reading successful
Graphs:

Graph number: 1
0: 3 10 14 
1: 11 18 20 
2: 4 9 24 
3: 0 13 15 
4: 2 5 10 
5: 4 16 22 
6: 8 20 26 
7: 15 24 28 
8: 6 9 29 
9: 2 8 19 
10: 0 4 11 
11: 1 10 21 
12: 13 14 25 
13: 3 12 16 
14: 0 12 17 
15: 3 7 17 
16: 5 13 17 
17: 14 15 16 
18: 1 19 22 
19: 9 18 21 
20: 1 6 23 
21: 11 19 23 
22: 5 18 23 
23: 20 21 22 
24: 2 7 25 
25: 12 24 27 
26: 6 30 32 
27: 25 31 32 
28: 7 30 33 
29: 8 31 33 
30: 26 28 31 
31: 27 29 30 
32: 26 27 33 
33: 28 29 32 
configuration:
0 1 2 
0 3 7 
0 4 9 
2 5 7 
2 6 9 
7 8 9 
preparing
Sorting edges
Random start point: 14
start
Successfull
0 0
34 100000
39 200000
39 300000
39 400000
42 500000
42 600000
39 700000
41 800000
39 900000
42 1000000
42 1100000
40 1200000
41 1300000
40 1400000
39 1500000
39 1600000
42 1700000
42 1800000
39 1900000
39 2000000
42 2100000
41 2200000
39 2300000
42 2400000
38 2500000
36 2600000
39 2700000
40 2800000
42 2900000
41 3000000
40 3100000
39 3200000
42 3300000
40 3400000
41 3500000
39 3600000
43 3700000
39 3800000
40 3900000
39 4000000
40 4100000
43 4200000
41 4300000
38 4400000
36 4500000
40 4600000
40 4700000
42 4800000
39 4900000
42 5000000
41 5100000
37 5200000
42 5300000
39 5400000
42 5500000
37 5600000
40 5700000
39 5800000
38 5900000
42 6000000
42 6100000
40 6200000
39 6300000
39 6400000
36 6500000
37 6600000
34 6700000
42 6800000
42 6900000
41 7000000
40 7100000
39 7200000
42 7300000
number of look ups = 7337311
Result: YES
(0 14) -> 0
(12 14) -> 1
(14 17) -> 2
(0 3) -> 2
(0 10) -> 1
(12 13) -> 0
(12 25) -> 2
(15 17) -> 7
(16 17) -> 5
(3 13) -> 1
(3 15) -> 0
(13 16) -> 2
(4 10) -> 0
(5 16) -> 7
(7 15) -> 3
(10 11) -> 2
(24 25) -> 9
(25 27) -> 6
(4 5) -> 3
(7 24) -> 7
(1 11) -> 5
(2 4) -> 7
(2 24) -> 8
(5 22) -> 0
(7 28) -> 0
(11 21) -> 7
(27 31) -> 2
(27 32) -> 9
(1 18) -> 7
(1 20) -> 2
(2 9) -> 9
(18 22) -> 3
(19 21) -> 9
(21 23) -> 8
(22 23) -> 7
(26 32) -> 4
(28 30) -> 2
(28 33) -> 1
(29 31) -> 0
(30 31) -> 1
(32 33) -> 0
(9 19) -> 4
(18 19) -> 0
(20 23) -> 9
(26 30) -> 0
(29 33) -> 2
(6 20) -> 6
(6 26) -> 9
(8 9) -> 0
(8 29) -> 1
(6 8) -> 2
computed in: 73.3858 
